22
5 5
1 2 3 4 5
5 4 3 2 1
2 3 4 5 6
6 5 4 3 2
1 2 1 2 1	//1
4 5
1 2 3 4 5
1 2 3 4 5
1 2 3 4 5
1 2 3 4 5	//2
4 10
1 2 1 2 1 2 1 2 1 2
2 1 2 1 2 1 2 1 2 1
1 2 1 2 1 2 1 2 1 2
2 1 2 1 2 1 2 1 2 1	//3
4 4
0 0 0 0
0 0 0 0
0 0 0 0
1 2 3 4	//4
4 4
0 0 0 1
0 0 0 2
0 0 0 3
0 0 0 4 //5
4 4
0 0 0 0
0 0 0 0
0 0 1 2
0 0 3 4	//6
4 4
0 0 0 0
0 0 1 0
0 0 2 0
0 0 3 4 //7
4 4
0 0 0 0
0 0 0 0
0 1 2 3
0 4 0 0 //8
4 4
0 0 0 0
0 0 1 2
0 0 0 3
0 0 0 4 //9
4 4
0 0 0 0
0 0 0 0
0 0 0 1
0 4 3 2 //10
4 4
0 0 0 0
0 0 0 1
0 0 0 2
0 0 4 3 //11
4 4
0 0 0 0
0 0 0 0
0 1 0 0
0 2 3 4
4 4
0 0 0 0
0 0 2 1
0 0 3 0
0 0 4 0
4 4
0 0 0 0
0 0 0 0
0 1 2 3
0 0 0 4
4 4
0 0 0 0
0 0 0 1
0 0 2 3
0 0 4 0
4 4
0 0 0 0
0 0 1 0
0 0 2 3
0 0 0 4
4 4
0 0 0 0
0 0 0 0
0 1 2 0
0 0 3 4
4 4
0 0 0 0
0 0 0 0
0 0 3 4
0 1 2 0
4 4
0 0 0 0
0 0 0 1
0 0 2 3
0 0 0 4
4 4
0 0 0 0
0 0 1 0
0 0 2 3
0 0 4 0
4 4
0 0 0 0
0 0 0 0
0 0 1 0
0 2 3 4
4 4
0 0 0 0
0 0 0 0
0 1 2 3
0 0 4 0


#1 19
#2 20
#3 7
#4 ~ 23 10