30
4 6
0 0 0 0 0 0
0 0 0 0 0 0
0 0 1 0 6 0
0 0 0 0 0 0
6 6
0 0 0 0 0 0
0 2 0 0 0 0
0 0 0 0 6 0
0 6 0 0 2 0
0 0 0 0 0 0
0 0 0 0 0 5
6 6
1 0 0 0 0 0
0 1 0 0 0 0
0 0 1 0 0 0
0 0 0 1 0 0
0 0 0 0 1 0
0 0 0 0 0 1
6 6
1 0 0 0 0 0
0 1 0 0 0 0
0 0 1 5 0 0
0 0 5 1 0 0
0 0 0 0 1 0
0 0 0 0 0 1
1 7
0 1 2 3 4 5 6
3 7
4 0 0 0 0 0 0
0 0 0 2 0 0 0
0 0 0 0 0 0 4
7 5
0 6 6 6 6
6 0 6 4 6
6 6 1 2 6
6 0 1 6 0
6 6 0 0 6
0 6 0 6 6
3 0 6 0 0
5 5
6 0 6 6 0
6 4 2 0 0
2 6 0 4 6
6 6 0 6 6
0 0 0 6 6
4 6
2 6 0 3 0 2
0 0 0 0 0 0
0 0 0 0 0 0
0 0 0 0 6 1
5 5
0 0 0 0 0
6 2 0 0 4
0 0 0 4 0
5 0 0 5 0
6 0 0 0 0
6 5
2 2 6 0 5
0 6 6 0 4
6 6 0 0 0
2 6 4 6 0
6 3 0 0 6
6 4 0 6 6
5 6
0 3 0 0 0 0
0 0 0 0 0 0
6 0 0 2 2 0
6 1 2 0 6 6
0 0 6 0 6 6
4 5
0 0 0 6 0
6 0 6 0 0
2 6 0 0 0
0 0 6 0 3
4 4
0 4 0 2
0 0 0 2
0 0 0 0
3 5 0 0
5 5
2 0 6 3 4
0 0 6 0 0
0 0 6 0 5
6 0 3 4 2
0 5 0 0 0
3 6
0 5 5 0 2 0
0 0 2 0 0 3
0 0 0 0 0 0
5 4
6 6 6 6
6 0 6 6
6 2 6 0
6 0 6 6
6 6 6 6
8 5
6 6 0 0 6
6 6 6 2 0
0 6 6 4 0
0 6 3 0 6
0 0 0 5 0
0 0 6 6 0
0 0 6 0 4
0 6 6 6 0
7 5
6 0 0 0 6
0 4 1 6 6
6 0 6 0 6
0 6 0 3 6
0 6 0 1 6
6 6 0 5 6
6 6 6 5 6
7 7
6 0 0 0 0 0 6
0 6 0 0 0 0 0
0 0 0 0 0 0 0
0 0 0 0 0 1 0
0 0 0 0 0 0 4
1 0 0 0 0 6 0
0 0 6 3 0 2 0
5 5
5 1 6 1 4
6 0 1 6 3
2 5 0 0 0
0 6 0 0 0
6 0 6 6 6
3 1
5
6
0
2 4
1 1 0 5
0 0 0 0
4 6
0 0 0 1 0 1
6 6 6 0 6 6
0 0 0 1 6 6
6 6 6 0 6 6
1 5
0 5 6 0 0
5 5
0 0 0 0 0
0 1 0 0 0
0 0 0 0 0
0 0 0 4 0
0 0 0 0 0
8 8 
0 0 0 0 0 0 0 0
0 0 0 0 0 0 0 0
0 0 0 0 0 0 0 0
0 0 0 0 0 0 0 0
0 0 0 0 0 0 0 0
0 0 0 0 0 0 0 0
0 0 0 0 0 0 0 0
0 0 0 0 0 0 0 0
8 8 
0 0 0 0 0 0 0 1
0 0 0 0 0 0 1 0
0 0 0 1 0 0 0 0
0 0 0 0 0 1 0 0
1 0 0 0 0 0 0 0
0 0 1 0 0 0 0 0
0 0 0 0 1 0 0 0
0 1 0 0 0 0 0 0
7 5
0 6 6 6 6
6 0 6 4 6
6 6 1 2 6
6 0 1 6 0
6 6 0 0 6
0 6 0 6 6
3 0 6 0 0
8 8 
6 6 6 6 6 6 6 6
6 6 6 6 6 6 6 6
6 6 6 6 6 6 6 6
6 6 6 6 6 6 6 6
6 6 6 6 6 6 6 6
6 6 6 6 6 6 6 6
6 6 6 6 6 6 6 6
6 6 6 6 6 6 6 6
6 6 6 6 6 6 6 6

#1 20
#2 15
#3 6
#4 2
#5 0
#6 0
#7 6
#8 3
#9 8
#10 3
#11 1
#12 5
#13 8
#14 1
#15 0
#16 2
#17 1
#18 8
#19 3
#20 15
#21 2
#22 1
#23 1
#24 0
#25 2
#26 14